 # v0 # num_eigen
 -0.28571429848670959                1
 -0.57142859697341919                1
 -0.85714286565780640                1
  -1.1428571939468384                1
  -1.4285714626312256                1
  -1.7142857313156128                1
  -2.0000000000000000                1
  -2.2857143878936768                1
  -2.5714285373687744                1
  -2.8571429252624512                1
  -3.1428570747375488                2
  -3.4285714626312256                2
  -3.7142856121063232                2
  -4.0000000000000000                2
  -4.2857141494750977                2
  -4.5714287757873535                2
  -4.8571429252624512                2
  -5.1428570747375488                2
  -5.4285712242126465                2
  -5.7142858505249023                2
  -6.0000000000000000                2
  -6.2857141494750977                2
  -6.5714287757873535                2
  -6.8571429252624512                2
  -7.1428570747375488                2
  -7.4285712242126465                2
  -7.7142858505249023                2
  -8.0000000000000000                2
  -8.2857141494750977                2
  -8.5714282989501953                2
  -8.8571424484252930                2
  -9.1428575515747070                3
  -9.4285717010498047                3
  -9.7142858505249023                3
  -10.000000000000000                3
  -10.285714149475098                3
  -10.571428298950195                3
  -10.857142448425293                3
  -11.142857551574707                3
  -11.428571701049805                3
  -11.714285850524902                3
  -12.000000000000000                3
  -12.285714149475098                3
  -12.571428298950195                3
  -12.857142448425293                3
  -13.142857551574707                3
  -13.428571701049805                3
  -13.714285850524902                3
  -14.000000000000000                3
  -14.285714149475098                3
  -14.571428298950195                3
  -14.857142448425293                3
  -15.142857551574707                3
  -15.428571701049805                3
  -15.714285850524902                3
  -16.000000000000000                3
  -16.285715103149414                3
  -16.571428298950195                3
  -16.857143402099609                3
  -17.142856597900391                3
  -17.428571701049805                3
  -17.714284896850586                3
  -18.000000000000000                3
  -18.285715103149414                4
  -18.571428298950195                4
  -18.857143402099609                4
  -19.142856597900391                4
  -19.428571701049805                4
  -19.714284896850586                4
  -20.000000000000000                4
