 # M # T, sec
         100   4.67000064E-04
         200   2.21000053E-04
         300   2.23000068E-04
         400   2.81999819E-04
         500   3.51999886E-04
         600   4.03999817E-04
         700   4.77000140E-04
         800   5.30999620E-04
         900   5.99999912E-04
        1000   6.53999858E-04
        1100   7.17000104E-04
        1200   8.06999393E-04
        1300   8.70000571E-04
        1400   9.07000154E-04
        1500   9.60000791E-04
        1600   1.01900008E-03
        1700   1.08800083E-03
        1800   1.17900036E-03
        1900   1.19899958E-03
        2000   1.27100013E-03
        2100   1.33999996E-03
        2200   1.41499937E-03
        2300   1.46000087E-03
        2400   1.55699998E-03
        2500   1.56500004E-03
        2600   1.72699988E-03
        2700   1.89999864E-03
        2800   1.74400024E-03
        2900   1.78300217E-03
        3000   1.83599815E-03
        3100   1.89500302E-03
        3200   1.95800141E-03
        3300   2.02700123E-03
        3400   2.07599998E-03
        3500   2.12899968E-03
        3600   2.19499692E-03
        3700   2.25999951E-03
        3800   2.31399760E-03
        3900   2.37800181E-03
        4000   2.69199908E-03
        4100   3.03199887E-03
        4200   2.72100046E-03
        4300   2.70299613E-03
        4400   2.74600089E-03
        4500   2.82399356E-03
        4600   2.83699483E-03
        4700   2.96500325E-03
        4800   3.03299725E-03
        4900   3.05699557E-03
        5000   3.15699726E-03
        5100   3.45700234E-03
        5200   3.32000107E-03
        5300   3.28800082E-03
        5400   3.42400372E-03
        5500   3.43799591E-03
        5600   3.45700234E-03
        5700   3.53499502E-03
        5800   3.63000482E-03
        5900   3.89399379E-03
        6000   4.09299880E-03
        6100   3.84700298E-03
        6200   3.87699902E-03
        6300   3.94199789E-03
        6400   4.01499867E-03
        6500   4.02799249E-03
        6600   4.20500338E-03
        6700   4.52400744E-03
        6800   4.44900990E-03
        6900   4.26800549E-03
        7000   4.41399217E-03
        7100   4.37800586E-03
        7200   4.42600250E-03
        7300   4.52300906E-03
        7400   4.99598682E-03
        7500   4.67200577E-03
        7600   4.67801094E-03
        7700   4.67398763E-03
        7800   4.82699275E-03
        7900   4.84000146E-03
        8000   5.31600416E-03
        8100   4.93599474E-03
        8200   5.03100455E-03
        8300   5.02699614E-03
        8400   5.11300564E-03
        8500   5.18199801E-03
        8600   5.54500520E-03
        8700   5.31099737E-03
        8800   5.57500124E-03
        8900   5.39398193E-03
        9000   5.47000766E-03
        9100   5.62298298E-03
        9200   6.25199080E-03
        9300   5.88199496E-03
        9400   5.74901700E-03
        9500   5.82200289E-03
        9600   5.91599941E-03
        9700   6.29702210E-03
        9800   5.97700477E-03
        9900   6.05598092E-03
       10000   6.08101487E-03
       10100   6.19301200E-03
       10200   6.64398074E-03
       10300   6.32101297E-03
       10400   6.34199381E-03
       10500   6.43199682E-03
       10600   6.81799650E-03
       10700   6.63900375E-03
       10800   6.58801198E-03
       10900   6.59200549E-03
       11000   6.66999817E-03
       11100   7.11700320E-03
       11200   6.79200888E-03
       11300   6.89098239E-03
       11400   6.91500306E-03
       11500   7.34198093E-03
       11600   7.10400939E-03
       11700   7.18399882E-03
       11800   7.20399618E-03
       11900   7.36799836E-03
       12000   8.03002715E-03
       12100   7.43201375E-03
       12200   7.49999285E-03
       12300   7.66900182E-03
       12400   8.36598873E-03
       12500   7.62900710E-03
       12600   7.62903690E-03
       12700   8.08197260E-03
       12800   7.84105062E-03
       12900   7.95596838E-03
       13000   7.88497925E-03
       13100   8.33797455E-03
       13200   8.03601742E-03
       13300   8.17900896E-03
       13400   8.13496113E-03
       13500   8.57698917E-03
       13600   8.29797983E-03
       13700   8.31800699E-03
       13800   8.63701105E-03
       13900   9.38796997E-03
       14000   8.53401423E-03
       14100   8.60899687E-03
       14200   9.27603245E-03
       14300   8.94397497E-03
       14400   8.72796774E-03
       14500   9.39798355E-03
       14600   8.91500711E-03
       14700   8.95297527E-03
       14800   9.13798809E-03
       14900   9.71096754E-03
       15000   9.18996334E-03
       15100   9.22304392E-03
       15200   9.75298882E-03
       15300   9.42701101E-03
       15400   9.57202911E-03
       15500   9.82099771E-03
       15600   9.54204798E-03
       15700   9.56702232E-03
       15800   1.02249980E-02
       15900   9.73099470E-03
       16000   9.81396437E-03
       16100   1.04089975E-02
       16200   1.00650191E-02
       16300   9.96202230E-03
       16400   1.06210113E-02
       16500   1.01110339E-02
       16600   1.01220012E-02
       16700   1.05780363E-02
       16800   1.02579594E-02
       16900   1.03420019E-02
       17000   1.07579827E-02
       17100   1.04609728E-02
       17200   1.04550123E-02
       17300   1.10350251E-02
       17400   1.06279850E-02
       17500   1.07389688E-02
       17600   1.17659569E-02
       17700   1.07809901E-02
       17800   1.11690164E-02
       17900   1.09790564E-02
       18000   1.09059811E-02
       18100   1.14270449E-02
       18200   1.10970736E-02
       18300   1.11459494E-02
       18400   1.18370056E-02
       18500   1.12509727E-02
       18600   1.17689371E-02
       18700   1.14319324E-02
       18800   1.13910437E-02
       18900   1.19700432E-02
       19000   1.15799904E-02
       19100   1.17069483E-02
       19200   1.26889944E-02
       19300   1.17800236E-02
       19400   1.22779608E-02
       19500   1.18559599E-02
       19600   1.20649338E-02
       19700   1.36770010E-02
       19800   1.24640465E-02
       19900   1.28431320E-02
       20000   1.23209953E-02
       20100   1.28848553E-02
       20200   1.24219656E-02
       20300   1.25520229E-02
       20400   1.35079622E-02
       20500   1.25379562E-02
       20600   1.30749941E-02
       20700   1.26870871E-02
       20800   1.28589869E-02
       20900   1.35829449E-02
       21000   1.27809048E-02
       21100   1.35769844E-02
       21200   1.29480362E-02
       21300   1.34439468E-02
       21400   1.31039619E-02
       21500   1.34890079E-02
       21600   1.31241083E-02
       21700   1.31980181E-02
       21800   1.37530565E-02
       21900   1.33090019E-02
       22000   1.38390064E-02
       22100   1.34879351E-02
       22200   1.39310360E-02
       22300   1.35869980E-02
       22400   1.40230656E-02
       22500   1.38169527E-02
       22600   1.38899088E-02
       22700   1.51760578E-02
       22800   1.39399767E-02
       22900   1.50480270E-02
       23000   1.40271187E-02
       23100   1.50399208E-02
       23200   1.41330957E-02
       23300   1.45750046E-02
       23400   1.44739151E-02
       23500   1.47550106E-02
       23600   1.44430399E-02
       23700   1.49738789E-02
       23800   1.44990683E-02
       23900   1.50909424E-02
       24000   1.45970583E-02
       24100   1.53290033E-02
       24200   1.48830414E-02
       24300   1.53989792E-02
       24400   1.49800777E-02
       24500   1.53379440E-02
       24600   1.50390863E-02
       24700   1.55049562E-02
       24800   1.51089430E-02
       24900   1.56379938E-02
       25000   1.52189732E-02
       25100   1.56428814E-02
       25200   1.53851509E-02
       25300   1.59630775E-02
       25400   1.55050755E-02
       25500   1.62611008E-02
       25600   1.57680511E-02
       25700   1.62539482E-02
       25800   1.57248974E-02
       25900   1.62000656E-02
       26000   1.58760548E-02
       26100   1.66659355E-02
       26200   1.59659386E-02
       26300   1.70938969E-02
       26400   1.61578655E-02
       26500   1.76620483E-02
       26600   1.67279243E-02
       26700   1.62599087E-02
       26800   1.68321133E-02
       26900   1.63848400E-02
       27000   1.68330669E-02
       27100   1.64999962E-02
       27200   1.70869827E-02
       27300   1.68440342E-02
       27400   1.78599358E-02
       27500   1.71620846E-02
       27600   1.69939995E-02
       27700   1.76188946E-02
       27800   1.69219971E-02
       27900   1.74441338E-02
       28000   1.69861317E-02
       28100   1.77099705E-02
       28200   1.73280239E-02
       28300   1.80020332E-02
       28400   1.76889896E-02
       28500   1.73141956E-02
       28600   1.78270340E-02
       28700   1.74911022E-02
       28800   1.82631016E-02
       28900   1.80420876E-02
       29000   1.77340508E-02
       29100   1.81369781E-02
       29200   1.78039074E-02
       29300   1.83110237E-02
       29400   1.80780888E-02
       29500   1.87671185E-02
       29600   1.86400414E-02
       29700   1.81090832E-02
       29800   1.87199116E-02
       29900   1.85267925E-02
       30000   1.85289383E-02
