   2.0666666666666669     
   2.1333333333333333     
   2.2000000000000002     
   2.2666666666666666     
   2.3333333333333335     
   2.3999999999999999     
   2.4666666666666668     
   2.5333333333333332     
   2.6000000000000001     
   2.6666666666666665     
   2.7333333333333334     
   2.7999999999999998     
   2.8666666666666667     
   2.9333333333333336     
   3.0000000000000000     
   3.0666666666666664     
   3.1333333333333333     
   3.2000000000000002     
   3.2666666666666666     
   3.3333333333333330     
   3.3999999999999999     
   3.4666666666666668     
   3.5333333333333332     
   3.6000000000000001     
   3.6666666666666670     
   3.7333333333333334     
   3.7999999999999998     
   3.8666666666666667     
   3.9333333333333336     
   4.0000000000000000     
   4.0666666666666664     
   4.1333333333333329     
   4.2000000000000002     
   4.2666666666666666     
   4.3333333333333339     
   4.4000000000000004     
   4.4666666666666668     
   4.5333333333333332     
   4.5999999999999996     
   4.6666666666666661     
   4.7333333333333334     
   4.7999999999999998     
   4.8666666666666671     
   4.9333333333333336     
   5.0000000000000000     
   5.0666666666666664     
   5.1333333333333329     
   5.2000000000000002     
   5.2666666666666666     
   5.3333333333333339     
   5.4000000000000004     
   5.4666666666666668     
   5.5333333333333332     
   5.5999999999999996     
   5.6666666666666661     
   5.7333333333333334     
   5.7999999999999998     
   5.8666666666666671     
   5.9333333333333336     
   6.0000000000000000     
   6.0666666666666664     
   6.1333333333333337     
   6.2000000000000002     
   6.2666666666666666     
   6.3333333333333330     
   6.4000000000000004     
   6.4666666666666668     
   6.5333333333333332     
   6.5999999999999996     
   6.6666666666666670     
   6.7333333333333334     
   6.7999999999999998     
   6.8666666666666663     
   6.9333333333333336     
   7.0000000000000000     
   7.0666666666666664     
   7.1333333333333337     
   7.2000000000000002     
   7.2666666666666666     
   7.3333333333333330     
   7.4000000000000004     
   7.4666666666666668     
   7.5333333333333332     
   7.5999999999999996     
   7.6666666666666670     
   7.7333333333333334     
   7.7999999999999998     
   7.8666666666666663     
   7.9333333333333336     
   8.0000000000000000     
   8.0666666666666664     
   8.1333333333333329     
   8.1999999999999993     
   8.2666666666666657     
   8.3333333333333321     
   8.4000000000000004     
   8.4666666666666668     
   8.5333333333333332     
   8.5999999999999996     
   8.6666666666666679     
   8.7333333333333343     
   8.8000000000000007     
   8.8666666666666671     
   8.9333333333333336     
   9.0000000000000000     
   9.0666666666666664     
   9.1333333333333329     
   9.1999999999999993     
   9.2666666666666657     
   9.3333333333333321     
   9.4000000000000004     
   9.4666666666666668     
   9.5333333333333332     
   9.5999999999999996     
   9.6666666666666679     
   9.7333333333333343     
   9.8000000000000007     
   9.8666666666666671     
   9.9333333333333336     
   10.000000000000000     
   10.066666666666666     
   10.133333333333333     
   10.199999999999999     
   10.266666666666667     
   10.333333333333334     
   10.400000000000000     
   10.466666666666667     
   10.533333333333333     
   10.600000000000000     
   10.666666666666666     
   10.733333333333333     
   10.800000000000001     
   10.866666666666667     
   10.933333333333334     
   11.000000000000000     
   11.066666666666666     
   11.133333333333333     
   11.199999999999999     
   11.266666666666667     
   11.333333333333334     
   11.400000000000000     
   11.466666666666667     
   11.533333333333333     
   11.600000000000000     
   11.666666666666666     
   11.733333333333333     
   11.800000000000001     
   11.866666666666667     
   11.933333333333334     
   12.000000000000000     
